TP, FP, TN, FN: 26, 104, 109195, 235
precision:0.200000
recall:0.099617
F1:0.132992
