TP, FP, TN, FN: 29, 84, 109210, 237
precision:0.256637
recall:0.109023
F1:0.153034
