TP, FP, TN, FN: 6, 38, 109265, 251
precision:0.136364
recall:0.023346
F1:0.039867
