TP, FP, TN, FN: 1, 18, 109283, 258
precision:0.052632
recall:0.003861
F1:0.007194
