TP, FP, TN, FN: 38, 82, 109217, 223
precision:0.316667
recall:0.145594
F1:0.199475
