TP, FP, TN, FN: 55, 106, 109193, 206
precision:0.341615
recall:0.210728
F1:0.260664
