TP, FP, TN, FN: 47, 87, 109212, 214
precision:0.350746
recall:0.180077
F1:0.237975
