TP, FP, TN, FN: 44, 124, 109175, 217
precision:0.261905
recall:0.168582
F1:0.205128
