TP, FP, TN, FN: 53, 98, 109201, 208
precision:0.350993
recall:0.203065
F1:0.257282
