TP, FP, TN, FN: 31, 74, 109225, 230
precision:0.295238
recall:0.118774
F1:0.169399
