TP, FP, TN, FN: 19, 133, 109166, 242
precision:0.125000
recall:0.072797
F1:0.092010
