TP, FP, TN, FN: 15, 52, 109242, 251
precision:0.223881
recall:0.056391
F1:0.090090
