TP, FP, TN, FN: 38, 69, 109225, 228
precision:0.355140
recall:0.142857
F1:0.203753
