TP, FP, TN, FN: 32, 68, 109226, 234
precision:0.320000
recall:0.120301
F1:0.174863
