TP, FP, TN, FN: 47, 55, 109239, 219
precision:0.460784
recall:0.176692
F1:0.255435
