TP, FP, TN, FN: 44, 68, 109226, 222
precision:0.392857
recall:0.165414
F1:0.232804
