TP, FP, TN, FN: 40, 85, 109209, 226
precision:0.320000
recall:0.150376
F1:0.204604
