TP, FP, TN, FN: 40, 51, 109243, 226
precision:0.439560
recall:0.150376
F1:0.224090
