TP, FP, TN, FN: 6, 51, 109252, 251
precision:0.105263
recall:0.023346
F1:0.038217
