TP, FP, TN, FN: 7, 45, 109258, 250
precision:0.134615
recall:0.027237
F1:0.045307
