TP, FP, TN, FN: 8, 43, 109260, 249
precision:0.156863
recall:0.031128
F1:0.051948
