TP, FP, TN, FN: 13, 69, 109234, 244
precision:0.158537
recall:0.050584
F1:0.076696
