TP, FP, TN, FN: 2, 15, 109288, 255
precision:0.117647
recall:0.007782
F1:0.014599
