TP, FP, TN, FN: 2, 117, 109186, 255
precision:0.016807
recall:0.007782
F1:0.010638
