TP, FP, TN, FN: 6, 46, 109257, 251
precision:0.115385
recall:0.023346
F1:0.038835
