TP, FP, TN, FN: 26, 80, 109221, 233
precision:0.245283
recall:0.100386
F1:0.142466
