TP, FP, TN, FN: 26, 87, 109214, 233
precision:0.230088
recall:0.100386
F1:0.139785
