TP, FP, TN, FN: 17, 46, 109255, 242
precision:0.269841
recall:0.065637
F1:0.105590
