TP, FP, TN, FN: 28, 71, 109230, 231
precision:0.282828
recall:0.108108
F1:0.156425
