TP, FP, TN, FN: 6, 35, 109266, 253
precision:0.146341
recall:0.023166
F1:0.040000
