TP, FP, TN, FN: 24, 135, 109166, 235
precision:0.150943
recall:0.092664
F1:0.114833
