TP, FP, TN, FN: 9, 50, 109251, 250
precision:0.152542
recall:0.034749
F1:0.056604
