TP, FP, TN, FN: 106, 598, 4654890, 3106
precision:0.150568
recall:0.033001
F1:0.054137
