TP, FP, TN, FN: 87, 545, 4654943, 3125
precision:0.137658
recall:0.027086
F1:0.045265
