TP, FP, TN, FN: 116, 595, 4654893, 3096
precision:0.163150
recall:0.036115
F1:0.059138
