TP, FP, TN, FN: 75, 452, 4655036, 3137
precision:0.142315
recall:0.023350
F1:0.040118
