TP, FP, TN, FN: 78, 495, 4654993, 3134
precision:0.136126
recall:0.024284
F1:0.041215
