TP, FP, TN, FN: 111, 598, 4654890, 3101
precision:0.156559
recall:0.034558
F1:0.056618
