TP, FP, TN, FN: 80, 514, 4654974, 3132
precision:0.134680
recall:0.024907
F1:0.042039
