TP, FP, TN, FN: 183, 1208, 4654298, 3011
precision:0.131560
recall:0.057295
F1:0.079826
