TP, FP, TN, FN: 169, 1598, 4653908, 3025
precision:0.095642
recall:0.052912
F1:0.068131
