TP, FP, TN, FN: 79, 521, 4654985, 3115
precision:0.131667
recall:0.024734
F1:0.041645
