TP, FP, TN, FN: 129, 709, 4654797, 3065
precision:0.153938
recall:0.040388
F1:0.063988
