TP, FP, TN, FN: 78, 509, 4654997, 3116
precision:0.132879
recall:0.024421
F1:0.041259
