TP, FP, TN, FN: 80, 525, 4654981, 3114
precision:0.132231
recall:0.025047
F1:0.042116
