TP, FP, TN, FN: 77, 475, 4655031, 3117
precision:0.139493
recall:0.024108
F1:0.041111
