TP, FP, TN, FN: 35, 366, 4639618, 3152
precision:0.087282
recall:0.010982
F1:0.019509
