TP, FP, TN, FN: 62, 615, 4639369, 3125
precision:0.091581
recall:0.019454
F1:0.032091
