TP, FP, TN, FN: 19, 133, 4639851, 3168
precision:0.125000
recall:0.005962
F1:0.011381
