TP, FP, TN, FN: 59, 469, 4639515, 3128
precision:0.111742
recall:0.018513
F1:0.031763
