TP, FP, TN, FN: 82, 572, 4639412, 3105
precision:0.125382
recall:0.025730
F1:0.042697
