TP, FP, TN, FN: 38, 608, 4639376, 3149
precision:0.058824
recall:0.011923
F1:0.019828
