TP, FP, TN, FN: 28, 337, 4639647, 3159
precision:0.076712
recall:0.008786
F1:0.015766
