TP, FP, TN, FN: 38, 259, 4639725, 3149
precision:0.127946
recall:0.011923
F1:0.021814
