TP, FP, TN, FN: 62, 315, 4639669, 3125
precision:0.164456
recall:0.019454
F1:0.034792
