TP, FP, TN, FN: 82, 716, 4639268, 3105
precision:0.102757
recall:0.025730
F1:0.041154
