TP, FP, TN, FN: 65, 461, 4639523, 3122
precision:0.123574
recall:0.020395
F1:0.035012
