TP, FP, TN, FN: 58, 344, 4639640, 3129
precision:0.144279
recall:0.018199
F1:0.032321
