TP, FP, TN, FN: 34, 295, 4639689, 3153
precision:0.103343
recall:0.010668
F1:0.019340
