TP, FP, TN, FN: 31, 474, 4639510, 3156
precision:0.061386
recall:0.009727
F1:0.016793
